Candidates for GAZP/VTBR replacement:
('NKHP', 32.52, -48.42, 18, 615)
('LNZLP', 28.3, -90.26, 6, 423)
('PMSBP', 23.55, 69.23, 17, 611)
('SFIN', 21.56, -56.85, 5, 631)
('YRSB', 20.44, -19.14, 21, 576)
('TATNP', 17.63, 5.6, 16, 635)
('KBSB', 16.73, 101.59, 18, 592)
('TATN', 15.53, 9.95, 19, 635)
('MDMG', 14.17, 48.6, 8, 631)
('MFGS', 13.87, -23.6, 14, 586)
('SMLT', 13.69, -86.81, 9, 637)
('GAZAP', 13.09, -20.28, 14, 533)
('CNRU', 11.8, 14.28, 18, 577)
('PMSB', 11.79, 80.08, 19, 611)
('PIKK', 9.34, -14.38, 13, 637)
